<?xml version="1.0" standalone="no"?>
<!DOCTYPE svg PUBLIC "-//W3C//DTD SVG 20010904//EN"
 "http://www.w3.org/TR/2001/REC-SVG-20010904/DTD/svg10.dtd">
<svg version="1.0" xmlns="http://www.w3.org/2000/svg"
 width="88.000000pt" height="88.000000pt" viewBox="0 0 88.000000 88.000000"
 preserveAspectRatio="xMidYMid meet">

<g transform="translate(0.000000,88.000000) scale(0.100000,-0.100000)"
fill="#000000" stroke="none">
<path d="M290 864 c-14 -7 -50 -14 -81 -14 -45 0 -60 -4 -77 -23 -20 -21 -22
-34 -22 -123 0 -105 7 -125 44 -123 18 1 17 2 -4 8 -24 7 -25 9 -28 114 -1 60
1 107 6 107 15 0 34 -55 27 -81 -3 -13 -2 -36 2 -50 l8 -27 27 44 c27 44 27
44 5 44 -16 0 -25 9 -33 33 -21 63 -22 62 22 65 l41 3 6 -68 c4 -37 7 -92 7
-120 0 -51 1 -53 27 -53 46 0 12 -18 -42 -23 -39 -3 -45 -5 -27 -11 18 -7 22
-16 22 -47 0 -22 5 -39 10 -39 6 0 10 11 10 25 0 17 6 25 18 25 15 0 15 2 2
10 -13 9 -12 12 4 25 10 8 22 16 27 17 4 2 10 17 14 33 5 23 4 26 -4 15 -8
-11 -11 3 -11 58 0 41 -4 72 -10 72 -5 0 -10 6 -10 14 0 8 -5 16 -10 18 -7 2
-6 13 2 30 10 22 20 28 45 28 25 0 31 4 27 15 -7 18 -11 18 -44 -1z m-123
-166 c-3 -8 -6 -5 -6 6 -1 11 2 17 5 13 3 -3 4 -12 1 -19z"/>
<path d="M405 840 c33 -4 55 -7 48 -8 -18 -3 -25 -36 -14 -65 13 -33 45 -43
76 -23 27 18 34 63 13 84 -9 9 -4 12 25 12 35 0 37 -1 27 -21 -15 -27 -5 -66
20 -79 49 -26 97 28 67 74 l-17 25 58 4 c31 2 -37 3 -153 3 -121 1 -185 -2
-150 -6z m118 -56 c-7 -20 -43 -24 -44 -6 0 11 -2 12 -6 4 -5 -13 -23 -7 -23
8 0 5 10 18 21 29 22 20 22 20 39 -2 10 -12 16 -27 13 -33z m137 16 c0 -25
-17 -35 -23 -13 -4 14 -5 12 -6 -5 -1 -20 -4 -21 -21 -12 -24 13 -25 28 -4 51
20 22 54 9 54 -21z"/>
<path d="M771 836 c2 -2 15 -9 29 -15 24 -11 24 -11 6 3 -16 13 -49 24 -35 12z"/>
<path d="M821 784 c0 -11 3 -14 6 -6 3 7 2 16 -1 19 -3 4 -6 -2 -5 -13z"/>
<path d="M656 728 c-26 -23 -26 -27 -33 -197 l-6 -174 62 5 c49 3 67 10 87 29
24 24 25 32 31 192 l6 167 -61 0 c-49 0 -66 -4 -86 -22z m107 5 c-13 -2 -35
-2 -50 0 -16 2 -5 4 22 4 28 0 40 -2 28 -4z m-9 -229 c9 -8 16 -21 16 -27 0
-6 -7 -1 -16 11 -17 25 -61 30 -84 10 -12 -11 -12 -10 -1 5 17 21 64 22 85 1z
m-10 -40 c22 -21 20 -31 -8 -49 -17 -12 -30 -13 -49 -6 -32 12 -38 30 -18 53
19 22 54 23 75 2z"/>
<path d="M830 682 c0 -34 2 -62 4 -62 3 0 12 7 20 16 22 22 20 67 -4 89 -20
18 -20 17 -20 -43z"/>
<path d="M324 668 l-19 -22 29 18 c21 14 39 17 70 12 57 -9 106 -26 106 -37 0
-5 18 -9 40 -9 l40 0 -1 -82 0 -83 -19 40 c-11 22 -26 56 -34 75 l-14 35 -1
-66 c-1 -57 -4 -69 -23 -81 l-23 -15 32 -16 c17 -9 33 -22 36 -29 6 -18 42 4
42 25 0 9 4 19 8 23 4 4 7 47 7 95 0 85 -1 88 -31 113 -28 24 -38 26 -128 26
-89 0 -100 -2 -117 -22z m218 -216 c-27 -4 -37 2 -27 17 4 8 13 7 28 -1 l22
-13 -23 -3z"/>
<path d="M194 466 c-3 -9 -16 -16 -29 -16 -19 0 -35 -16 -35 -36 0 -2 40 -4
90 -4 83 0 90 1 90 20 0 16 -7 20 -30 20 -17 0 -42 7 -55 16 -23 15 -25 15
-31 0z"/>
<path d="M40 434 c-16 -10 -18 -13 -5 -8 11 4 38 10 60 14 l40 7 -35 1 c-19 1
-46 -6 -60 -14z"/>
<path d="M13 365 c0 -22 2 -30 4 -17 2 12 2 30 0 40 -3 9 -5 -1 -4 -23z"/>
<path d="M27 293 c7 -2 15 -21 19 -41 4 -20 11 -40 17 -43 11 -8 609 -1 705 7
144 13 39 19 -319 19 l-382 0 -8 23 -8 22 379 0 c247 0 380 4 380 10 0 7 -139
10 -397 9 -219 0 -393 -3 -386 -6z"/>
<path d="M673 173 c-7 -2 -13 -13 -13 -23 0 -13 -13 -21 -47 -29 -91 -23 -198
-55 -213 -63 -18 -11 -9 -9 120 26 62 17 98 22 104 16 6 -6 32 -10 58 -10 35
0 48 -4 48 -15 0 -38 90 -42 110 -5 13 24 -13 40 -61 40 -28 0 -30 2 -18 16
25 30 -42 66 -88 47z m60 -20 c-7 -2 -19 -2 -25 0 -7 3 -2 5 12 5 14 0 19 -2
13 -5z m-76 -49 c-3 -3 -12 -4 -19 -1 -8 3 -5 6 6 6 11 1 17 -2 13 -5z m156
-21 c-7 -2 -21 -2 -30 0 -10 3 -4 5 12 5 17 0 24 -2 18 -5z"/>
<path d="M210 142 c0 -4 -20 -7 -43 -8 -31 -1 -50 -7 -65 -22 -30 -30 -28 -39
13 -56 19 -8 35 -19 35 -24 0 -6 20 -13 45 -16 41 -7 48 -4 100 35 47 36 75
66 75 81 0 9 -59 7 -65 -2 -9 -15 -25 -12 -19 3 3 9 -8 13 -36 14 -22 1 -40
-1 -40 -5z m-25 -23 c12 -18 -3 -22 -20 -5 -14 14 -14 16 -1 16 8 0 18 -5 21
-11z m-55 -29 c0 -5 -4 -10 -10 -10 -5 0 -10 5 -10 10 0 6 5 10 10 10 6 0 10
-4 10 -10z m25 -20 c-3 -5 -11 -10 -16 -10 -6 0 -7 5 -4 10 3 6 11 10 16 10 6
0 7 -4 4 -10z m55 -14 c0 -11 -19 -15 -25 -6 -3 5 1 10 9 10 9 0 16 -2 16 -4z"/>
<path d="M618 73 c6 -2 18 -2 25 0 6 3 1 5 -13 5 -14 0 -19 -2 -12 -5z"/>
<path d="M568 63 c7 -3 16 -2 19 1 4 3 -2 6 -13 5 -11 0 -14 -3 -6 -6z"/>
</g>
</svg>
